import numpy as np
from numpy.linalg import eig
a = np.array([[1, -0.447865406790469, 0.075315172703734, 0.246933902019146, 0.520773983497202, 0.461198266297033, -0.330254917115046, 0.0491694951878376, -0.29929996650846, -0.395468373849776, -0.493557898707646, 0.557015592954299, -0.333553427873513], 
              [-0.447865406790469, 1, 0.158376564635034, -0.149602814210307, -0.31212013625546, -0.199913380125362, -0.0656361392812864, 0.058054127380384, 0.0929639505681241, 0.332519047471874, 0.186430790970379, -0.252921047773358, -0.0840114361835901],
              [0.075315172703734, 0.158376564635034, 1, -0.291006485110728, 0.00248879813505267, 0.164103302490194, 0.142704871454751, 0.165929090543629, -0.10467630011335, 0.0860964038017474, -0.151112933701994, -0.0506569140835627, 0.0636619019748319],
              [0.246933902019146, -0.149602814210307, -0.291006485110728, 1, 0.188416647314579, 0.257150949732321, -0.0366120335273854, -0.0148449963438809, -0.0193900389940701, -0.0164382325368916, -0.251615769593213, 0.214197564679494, -0.056715889115575],
              [0.520773983497202, -0.31212013625546, 0.00248879813505267, 0.188416647314579, 1, 0.28115796641289, -0.237267025513048, -0.0374414047810278, 0.124841716165372, 0.032050242861983, -0.29644651562131, 0.956741942289863, -0.21384528018186],
              [0.461198266297033, -0.199913380125362, 0.164103302490194, 0.257150949732321, 0.28115796641289, 1, -0.440924750229754, 0.113795018653236, -0.385711114150784, 0.290935380270078, -0.995022867897055, 0.309921912106302, -0.540552659828907],
              [-0.330254917115046, -0.0656361392812864, 0.142704871454751, -0.0366120335273854, -0.237267025513048, -0.440924750229754, 1, 0.028890789262723, 0.150307443780654, -0.146571258627231, 0.453047501124313, -0.257437334707833, 0.954826978721825],
              [0.0491694951878376, 0.058054127380384, 0.165929090543629, -0.0148449963438809, -0.0374414047810278, 0.113795018653236, 0.028890789262723, 1, -0.130397304040977, -0.132457897778713, -0.137912187050563, -0.0921006360894754, -0.0290576730779902],
              [-0.29929996650846, 0.0929639505681241, -0.10467630011335, -0.0193900389940701, 0.124841716165372, -0.385711114150784, 0.150307443780654, -0.130397304040977, 1, -0.0550411750453923, 0.3805916686618, 0.162101518550763, 0.283627033915133],
              [-0.395468373849776, 0.332519047471874, 0.0860964038017474, -0.0164382325368916, 0.032050242861983, 0.290935380270078, -0.146571258627231, -0.132457897778713, -0.0550411750453923, 1, -0.262079933476219, 0.0672935348727054, -0.258789040479024],
              [-0.493557898707646, 0.186430790970379, -0.151112933701994, -0.251615769593213, -0.29644651562131, -0.995022867897055, 0.453047501124313, -0.137912187050563, 0.3805916686618, -0.262079933476219, 1, -0.327444579102365, 0.550951484170064],
              [0.557015592954299, -0.252921047773358, -0.0506569140835627, 0.214197564679494, 0.956741942289863, 0.309921912106302, -0.257437334707833, -0.0921006360894754, 0.162101518550763, 0.0672935348727054, -0.327444579102365, 1, -0.237468531055591],
              [-0.333553427873513, -0.0840114361835901, 0.0636619019748319, -0.056715889115575, -0.21384528018186, -0.540552659828907, 0.954826978721825, -0.0290576730779902, 0.283627033915133, -0.258789040479024, 0.550951484170064, -0.237468531055591, 1]])
w,v=eig(a)
print('E-value:', w)
print('E-vector', v)